------------------------------------
Library chest loot seeds:
9522821042863
111340764378326
149780086799489
57853778183617
206298788363090
257264219533379
25517355123099
202164888434159
200735681506287
160353873117390
266419588253846
76870986858582
155578534634203
234055120406706
266785284150691
166572730820490
205588021422468
30326001792429
230434861586542
196498624809486
122335025572225
198904025635261
94665142174938
11420363598262
81339860081744
4905772911506
256188523824710
70768739219421
103009971989162
75485176199006
156356553854935
184933826051656
59888587038654
153735376971833
255280953960042
210385944709405
44055310807541
58188029475994
237911938312577
65596341482270
19776768092125
------------------------------------
Corridor chest loot seeds:
152519012265730
------------------------------------
Crossing chest loot seeds:
33101252127349