These are the candidate structure seeds, along with chunk coordinates, that could generate
a stronghold corridor chest with an 11-enchantment book. The actual world seeds were found
thanks to Xinyuuu7's stronghold generation emulator, which they asked me not to share publicly,
and JelleJurre's SeedChecker: https://github.com/jellejurre/seed-checker/tree/1.16.1

179546996945344 -157 -27
72557898271952 -156 -31
66871037321776 -147 -28
126720784055200 -146 8
256192270801184 -145 -7
266606124862528 -145 57
29107071416832 -137 -9
66009906268960 -137 5
57585580323648 -134 -14
75751274783904 -130 -20
59690982036576 -126 44
186101154042064 -126 55
145113817826848 -124 38
107336468459584 -124 48
270498414188912 -121 20
214659409796416 -120 84
217552984431040 -119 7
93631467526576 -118 -35
225521302063216 -117 -42
269728522385520 -116 -71
176272300919296 -115 -53
33916518705408 -115 109
165776301983344 -113 -72
170037658439872 -112 -12
68149446205712 -112 117
76217264944480 -109 -55
20533271508176 -108 113
34666898227440 -107 -102
157243260021856 -103 17
174738906995088 -103 58
896428915600 -102 109
112816506992896 -101 5
199655381861760 -101 43
174278283634016 -99 -85
6329615263472 -99 84
91297307451760 -99 102
105602686841424 -98 -71
57220010226112 -98 -54
245015294061136 -97 -110
20284984739744 -97 103
6637112438608 -95 14
119703408503504 -94 -109
254430299996192 -94 -60
171474976395984 -94 67
114087512291440 -93 12
18818386214528 -92 132
52539057279136 -91 69
239324996042416 -90 -17
2157870413072 -89 84
58045144355680 -87 43
21499567773008 -87 58
86598075200736 -86 -48
177892731245008 -84 77
161715173277072 -80 67
55672795257344 -80 72
92950117934848 -77 -79
105108327302144 -76 -84
7245983128896 -76 -56
60914251960272 -75 -110
251827497254000 -75 -52
118827251691712 -75 61
281231609501312 -73 71
152123388782352 -73 82
160531633495712 -69 99
144398038864784 -69 136
256230402864640 -67 -113
35453422095264 -67 -103
97473781778064 -66 -101
125516728177312 -64 122
98538527621600 -63 -145
168499608261824 -61 139
34064204306704 -60 69
70788681500384 -60 118
236819856008128 -60 120
44120727272016 -58 -139
73639820485344 -58 -72
125074776773024 -57 -117
12791147880912 -55 -116
229687062396480 -54 110
106411707178208 -49 -91
198290260535440 -47 114
264480148023872 -42 130
65396651657728 -41 121
216359197606704 -40 93
86121970123296 -37 -153
159977547705760 -37 123
279154205549376 -37 149
251257181608400 -36 115
227675294977776 -35 86
273880115830064 -31 132
47160312974880 -20 98
48185071875776 -15 91
140766238958656 -14 -154
75472738082336 -12 -134
192911679943504 -11 -156
91980314407712 -11 119
43372603557616 -11 150
125290097847264 -9 123
161684794040512 -7 99
226614834402656 -7 129
253910148857904 -5 114
149775321620384 -5 135
34549946995120 -2 105
21135617284048 -1 -130
274718819271888 1 96
139595059470176 1 135
181462800673136 2 101
267435138626480 3 140
162445748271872 5 153
71025795167088 8 -95
32595376025264 10 -97
249740371967136 10 124
140789629059072 12 -108
234326696556688 12 117
137662746732208 17 -100
72667275359456 17 -97
202780402962448 18 105
181291711431168 21 147
227352560866000 23 -92
35247808877728 25 -101
109516566078688 26 -120
266982018003968 26 142
39550980312208 28 -119
256615631718144 29 101
225952424160000 30 118
225370020736736 31 -123
139499645829520 31 104
13523102057088 32 144
148223383478976 33 -125
13103649341760 35 101
109634963305376 36 -102
206414416120128 36 -80
272404723317760 36 92
169163916706496 38 90
178639439236304 39 136
173558156471728 40 129
117141465198176 43 103
57433381598608 46 97
225703715093088 46 100
17530370622304 49 -85
125695422957904 51 -138
93250090435280 52 91
2076932281984 59 -89
250804839792768 62 -146
138467557971504 63 -102
228301696794704 63 114
159477724120272 64 75
7223675163696 64 105
248825247962864 65 104
59379979293120 70 -142
69968254840416 70 -104
7686026378896 71 -60
275528249614272 72 -84
264141959814208 73 -65
112902700052832 73 73
257021399119520 74 -80
109949256877216 78 80
278296658060384 78 112
51916390806608 82 -55
266913013429264 83 -104
246041353942368 83 71
147989214816416 85 -103
164545704395568 89 -56
222319915174416 89 72
270564161105648 90 71
130233643726032 93 -90
22753843391136 93 77
246594900772272 94 49
175781804801824 94 76
30726845026848 95 -11
121512103363952 95 32
206540149311552 95 105
124763145491296 97 -5
115430322063648 97 1
148168484236608 97 17
206958426775264 99 101
19648432463232 102 -118
172002002806176 102 56
102529923364160 103 -43
100930512221472 103 61
178589794183168 104 48
51223416158464 104 64
14037167834176 106 -114
12010209666640 108 -93
122399180472304 109 -116
264880219191536 109 -54
9610430490000 109 -36
54663506652848 111 -70
5435684518064 112 -75
117623265056976 113 -100
61181975352832 113 -63
258207950363264 113 -41
97349323029488 113 -20
142604072910192 115 42
198945103433280 118 -58
265073217587760 119 48
156171904114336 121 -19
185194221884848 123 -96
130564494267104 125 27
107461400686896 126 -33
170181916202048 127 55
241712943358720 128 -24
80302170303504 129 -60
109871502085296 129 4
164476257892912 134 21
65826514487232 136 -52
100447259929696 139 47
264194654118208 142 -10
31563183699232 143 -53
81548759594032 148 -63
141584991935584 148 -22
261108828988544 148 36
194323095408480 151 -47
98186617959617 -147 -35
144023677124385 -146 24
262171323165905 -146 41
212947828224977 -145 -36
275461212809857 -142 70
192119038490081 -137 67
216833332960961 -132 4
37586406339665 -128 -13
67799730079969 -125 67
280998531475873 -124 -102
137122354957393 -122 -23
226081995941233 -121 -52
179614658468577 -121 33
83649883502993 -118 -65
76242758801601 -118 66
22905507654913 -118 78
226245850253201 -117 -102
152727692941057 -117 -39
205635905135937 -117 -25
45038391306449 -114 -73
98419188834337 -114 -72
69215953230337 -113 37
201881098863249 -110 -13
62091525572929 -109 41
103554662253201 -108 71
247155261254961 -106 39
45259193908545 -105 59
220027112100769 -104 -86
104155437010641 -104 73
237868592508705 -102 36
80090199371249 -99 -108
236914778202097 -99 78
25036903312833 -99 123
100337173936657 -98 -117
142764288488945 -97 62
215789273689457 -95 10
169861773977617 -94 -131
72722345359489 -94 -70
139118604488961 -93 -91
71940103681009 -92 121
128155066410881 -89 -79
33799519599889 -89 -32
147014279729745 -89 24
233027048201713 -89 100
21536978898257 -89 126
29901773346193 -88 43
160084191375889 -87 -98
256458329854513 -87 -60
191743092776433 -87 110
234067027154337 -86 96
212604262740049 -84 61
213271985356977 -84 131
182683577511137 -83 67
21346338124433 -81 -38
249033163474705 -80 -129
267156200942625 -80 -126
69184512485777 -79 -94
278316635073 -79 -83
235053318624513 -76 -72
199960768078993 -64 -107
150132055601665 -64 92
176165821508865 -61 -89
89288408171793 -60 -75
115072798986481 -59 76
113902696793201 -58 -87
54299016089953 -57 73
66051441476977 -55 80
248118162649425 -51 90
128779298457953 -46 88
94275018737073 -45 154
107612651565521 -38 149
209236373171233 -34 124
87878154254305 -33 -141
198231922004593 -32 -91
129903317299761 -31 154
157987603222497 -29 -155
183998297457441 -28 150
195083473020673 -23 135
171955894884001 -22 -140
1610370076609 -20 108
151536089932113 -15 142
231204663012897 -4 122
89132715866865 -3 -130
55643187628753 2 -123
137440870614865 4 -103
37240939245649 10 -103
259960621221329 12 -123
30106472214273 12 104
35011279051025 13 -142
152160993664561 19 -128
175464379283873 22 112
158800164144977 24 95
74677222217281 25 -99
57249790904065 25 115
149662026325297 26 -129
219679949495201 30 -104
184505910222833 34 -127
139230690886577 35 110
14547547091265 39 83
22461362792833 40 -124
7819116702657 40 -88
155164057416945 41 122
19281871011985 44 81
102709010491697 46 -131
79562451071825 46 -83
73601770612033 47 -95
198075651002945 48 -152
272771137840977 48 -79
222646673291281 49 104
191293998919361 50 -130
248897347797729 51 -93
258901049169345 51 71
9543282149377 55 -103
173766743814017 55 103
107308779398209 56 128
277283528022897 57 -114
243560684922673 60 -85
83708120617713 61 -134
90476894452209 61 128
155069020896545 63 -119
132437796304497 66 69
241515041700225 67 -121
252912130488001 67 -115
276192058593569 68 -90
218193511924529 69 58
223189340660033 71 77
209888454075617 71 107
163473655945009 72 137
146590909986961 75 78
199278222171825 78 -77
144719515139857 78 79
132400368365793 80 -126
268191492294433 80 -126
38789196262801 80 -113
860259234641 80 -93
121540599203473 82 91
21938169961217 82 118
232074772505649 84 75
75962215208209 85 -110
252939692116241 87 90
6779580425537 89 -29
868815284657 89 124
84429451447009 90 -80
56273715774177 90 32
221593754956417 93 -23
18356941743521 95 -69
118053826763905 97 77
140699061778577 99 -94
10487621024321 99 -83
109916870262945 100 -98
231292627142481 100 101
187752189433105 103 -40
281325960600529 103 22
150717946714945 104 -32
4938043730753 105 -109
11506545784929 105 -9
243955020218897 107 -14
58797408294721 107 83
138392379081185 108 -18
118241203297921 109 67
241986727568785 110 25
141598719139969 111 -101
163300074462977 111 23
143656183148545 112 -116
276695896683969 114 -2
42478725402849 114 96
28410910131521 115 -99
177980897894977 115 -1
96933996768529 117 52
101645880580737 118 78
242023275993137 119 80
90383072307233 121 51
149610747896817 125 -50
156220063012529 127 18
205543481407905 129 9
209381706902465 133 79
231592780224369 136 41
269217212591969 137 9
177484375830305 138 20
134522080141089 141 -41
178579781983793 144 21
210073803699361 145 -27
95598744546497 149 -53
98032878154161 151 -22
111877413294481 154 -5
-----------------------------